4444444444444444444444
4000000000000000000004
4000000011111100000004
4000001100000011000004
4000110000000000110004
4001000000000000001004
4001000000000000001004
4010000000220000000104
4010000000220000000104
4100000000000000000014
4100000000000000000014
4100000000000000000014
4100000000000000000014
4100000000000000000014
4100000000000000000014
4010000000330000000104
4010000000330000000104
4001000000000000001004
4001000000000000001004
4000110000000000110004
4000001100000011000004
4000000011111100000004
4444444444444444444444